# MCP RASA RLA RSA
0.0003 0.7751 0.0003 0.7748
0.0002 0.7346 0.0001 0.7345
0.0001 0.6203 0.0001 0.6202
0.0002 0.6851 0.0001 0.6849
0.0002 0.7044 0.0001 0.7042
0.0001 0.5908 0.0001 0.5908
0.0001 0.6567 0.0001 0.6566
0.0002 0.5796 0.0001 0.5796
0.0001 0.5907 0.0001 0.5906
0.0001 0.5618 0.0001 0.5618
0.0002 0.5225 0.0001 0.5224
0.0000 0.2124 0.0000 0.2124
0.0000 0.3970 0.0000 0.3970
0.4364 0.3610 0.1575 0.2035
0.3537 0.6360 0.2250 0.4110
0.0001 0.4280 0.0000 0.4279
0.0001 0.0148 0.0000 0.0148
0.9263 0.4758 0.4407 0.0350
0.0807 0.5340 0.0431 0.4909
0.0010 0.3101 0.0003 0.3098
0.0000 0.0869 0.0000 0.0869
0.2119 0.4705 0.0997 0.3708
0.1859 0.6641 0.1235 0.5407
0.2172 0.4816 0.1046 0.3770
0.0004 0.1402 0.0001 0.1401
0.5501 0.4624 0.2544 0.2080
0.9890 0.5144 0.5087 0.0057
0.7106 0.2734 0.1943 0.0791
0.4927 0.1452 0.0716 0.0737
0.9917 0.4829 0.4789 0.0040
0.9919 0.4489 0.4453 0.0037
0.0097 0.0073 0.0001 0.0072
0.9719 0.2917 0.2835 0.0082
0.9921 0.4667 0.4631 0.0037
0.8102 0.1535 0.1244 0.0291
0.0000 0.0014 0.0000 0.0014
0.9880 0.3556 0.3513 0.0043
0.9911 0.4132 0.4095 0.0037
0.0933 0.0584 0.0054 0.0529
0.0466 0.0204 0.0010 0.0195
0.9647 0.2984 0.2879 0.0105
0.6137 0.1173 0.0720 0.0453
0.0552 0.1149 0.0063 0.1086
0.3244 0.0596 0.0193 0.0403
0.7099 0.1876 0.1332 0.0544
0.4702 0.1271 0.0597 0.0673
0.0000 0.0042 0.0000 0.0042
0.6357 0.2757 0.1752 0.1004
0.4703 0.1270 0.0597 0.0673
0.2756 0.0923 0.0254 0.0669
0.0000 0.1313 0.0000 0.1313
0.0000 0.3901 0.0000 0.3901
0.0626 0.0332 0.0021 0.0311
0.1054 0.1238 0.0130 0.1107
0.0001 0.4761 0.0000 0.4761
0.0000 0.1064 0.0000 0.1064
0.4498 0.3092 0.1391 0.1701
0.0002 0.4586 0.0001 0.4585
0.0000 0.4538 0.0000 0.4538
0.0001 0.5770 0.0001 0.5769
0.0002 0.6738 0.0002 0.6737
0.0003 0.7489 0.0002 0.7486
0.0001 0.5103 0.0001 0.5103
0.0000 0.1606 0.0000 0.1606
0.0047 0.4927 0.0023 0.4904
0.0002 0.6771 0.0002 0.6769
0.0001 0.4271 0.0000 0.4270
0.0190 0.0574 0.0011 0.0563
0.8106 0.5108 0.4141 0.0967
0.4933 0.5383 0.2655 0.2727
0.6829 0.2664 0.1819 0.0845
0.4377 0.0971 0.0425 0.0546
0.9914 0.4574 0.4535 0.0039
0.9580 0.2797 0.2680 0.0117
0.4439 0.0779 0.0346 0.0433
0.9902 0.4089 0.4048 0.0040
0.9915 0.4468 0.4430 0.0038
0.8282 0.1473 0.1220 0.0253
0.2097 0.0427 0.0090 0.0338
0.9922 0.4685 0.4649 0.0036
0.9923 0.4591 0.4555 0.0035
0.0750 0.0448 0.0034 0.0415
0.9848 0.3484 0.3431 0.0053
0.9921 0.4844 0.4806 0.0038
0.9810 0.2551 0.2502 0.0049
0.0000 0.0374 0.0000 0.0374
0.6551 0.2667 0.1747 0.0920
0.9914 0.4449 0.4411 0.0038
0.1329 0.0572 0.0076 0.0496
0.0003 0.2373 0.0001 0.2372
0.6500 0.2947 0.1915 0.1031
0.9318 0.2601 0.2424 0.0178
0.0027 0.0090 0.0000 0.0090
0.0004 0.1603 0.0001 0.1602
0.6306 0.3692 0.2328 0.1364
0.0000 0.0050 0.0000 0.0050
0.0000 0.0078 0.0000 0.0078
0.0000 0.2971 0.0000 0.2971
0.0000 0.3315 0.0000 0.3315
0.0000 0.0048 0.0000 0.0048
0.0000 0.0189 0.0000 0.0189
0.0000 0.3321 0.0000 0.3321
0.0000 0.3226 0.0000 0.3226
0.0000 0.0042 0.0000 0.0042
0.0000 0.0766 0.0000 0.0766
0.0000 0.3088 0.0000 0.3088
0.0000 0.2700 0.0000 0.2700
0.0000 0.0041 0.0000 0.0041
0.0000 0.0039 0.0000 0.0039
0.0000 0.3143 0.0000 0.3143
0.0000 0.1734 0.0000 0.1734
0.0000 0.0082 0.0000 0.0082
0.0000 0.0935 0.0000 0.0935
0.0001 0.4811 0.0000 0.4811
0.0000 0.1100 0.0000 0.1100
0.0000 0.3420 0.0000 0.3420
0.0000 0.1508 0.0000 0.1508
0.0000 0.3253 0.0000 0.3253
0.0000 0.1241 0.0000 0.1241
0.0000 0.0490 0.0000 0.0490
0.0000 0.2650 0.0000 0.2650
0.0001 0.5825 0.0001 0.5825
0.0000 0.2635 0.0000 0.2635
0.0000 0.4746 0.0000 0.4746
0.0000 0.2869 0.0000 0.2869
0.0000 0.4301 0.0000 0.4301
0.0000 0.4403 0.0000 0.4403
0.0000 0.0144 0.0000 0.0144
0.0000 0.1612 0.0000 0.1612
0.0000 0.3745 0.0000 0.3745
0.0000 0.1987 0.0000 0.1987
0.0000 0.0022 0.0000 0.0022
0.0000 0.3069 0.0000 0.3069
0.0001 0.5127 0.0000 0.5127
0.0000 0.1310 0.0000 0.1310
0.0000 0.0037 0.0000 0.0037
0.0000 0.4212 0.0000 0.4212
0.0000 0.2520 0.0000 0.2520
0.0000 0.0035 0.0000 0.0035
0.0000 0.1652 0.0000 0.1652
0.0000 0.4091 0.0000 0.4091
0.0339 0.0790 0.0027 0.0763
0.7165 0.2258 0.1618 0.0640
0.0000 0.2174 0.0000 0.2174
0.0000 0.3120 0.0000 0.3120
0.8261 0.3092 0.2554 0.0538
0.4116 0.1196 0.0492 0.0703
0.0000 0.2219 0.0000 0.2219
0.6806 0.2393 0.1629 0.0764
0.9896 0.3988 0.3947 0.0041
0.3823 0.1030 0.0394 0.0636
0.0400 0.1315 0.0053 0.1262
0.9909 0.4330 0.4290 0.0040
0.9432 0.2378 0.2243 0.0135
0.0088 0.0720 0.0006 0.0714
0.7993 0.2002 0.1600 0.0402
0.9921 0.4585 0.4549 0.0036
0.9693 0.2332 0.2261 0.0072
0.0001 0.0018 0.0000 0.0018
0.9883 0.3650 0.3607 0.0043
0.9919 0.4564 0.4527 0.0037
0.7672 0.1780 0.1365 0.0414
0.0000 0.0021 0.0000 0.0021
0.9890 0.4222 0.4176 0.0047
0.9831 0.5299 0.5210 0.0090
0.5589 0.3456 0.1932 0.1524
0.0000 0.0407 0.0000 0.0407
0.9335 0.4734 0.4419 0.0315
0.4984 0.4794 0.2389 0.2405
0.2759 0.0613 0.0169 0.0444
0.5781 0.1329 0.0768 0.0561
0.9907 0.4577 0.4534 0.0043
0.9705 0.2709 0.2629 0.0080
0.5124 0.1050 0.0538 0.0512
0.9910 0.4332 0.4293 0.0039
0.9915 0.4618 0.4578 0.0039
0.9474 0.2174 0.2060 0.0114
0.6335 0.1666 0.1056 0.0611
0.9918 0.4586 0.4549 0.0038
0.9922 0.4614 0.4578 0.0036
0.5329 0.1226 0.0653 0.0573
0.8517 0.3047 0.2595 0.0452
0.9913 0.5031 0.4988 0.0044
0.7985 0.2754 0.2199 0.0555
0.1432 0.0987 0.0141 0.0846
0.8219 0.4717 0.3877 0.0840
0.9739 0.4921 0.4793 0.0128
0.3062 0.2240 0.0686 0.1554
0.2087 0.3434 0.0717 0.2717
0.5148 0.5577 0.2871 0.2706
0.3942 0.4748 0.1871 0.2876
0.0018 0.3045 0.0005 0.3040
0.0000 0.3794 0.0000 0.3794
0.0002 0.4638 0.0001 0.4637
0.0000 0.2187 0.0000 0.2187
0.0000 0.1815 0.0000 0.1815
0.0001 0.5088 0.0001 0.5087
0.0001 0.4861 0.0000 0.4860
0.0000 0.1444 0.0000 0.1444
0.0000 0.3605 0.0000 0.3605
0.0001 0.5613 0.0001 0.5612
0.0000 0.1541 0.0000 0.1541
0.0000 0.2855 0.0000 0.2855
0.0000 0.4289 0.0000 0.4289
0.0001 0.4590 0.0000 0.4590
0.0000 0.0106 0.0000 0.0106
0.0000 0.1636 0.0000 0.1636
0.0000 0.4311 0.0000 0.4311
0.0000 0.1149 0.0000 0.1149
0.0000 0.0018 0.0000 0.0018
0.0000 0.3080 0.0000 0.3080
0.0000 0.3783 0.0000 0.3783
0.0000 0.0049 0.0000 0.0049
0.0000 0.0418 0.0000 0.0418
0.0001 0.4682 0.0000 0.4681
0.0000 0.2381 0.0000 0.2381
0.0000 0.0223 0.0000 0.0223
0.0000 0.2244 0.0000 0.2244
0.0000 0.0316 0.0000 0.0316
0.0000 0.0017 0.0000 0.0017
0.0000 0.2482 0.0000 0.2482
0.0000 0.0211 0.0000 0.0211
0.0000 0.0672 0.0000 0.0672
0.0000 0.4028 0.0000 0.4028
0.0000 0.0954 0.0000 0.0954
0.0000 0.2532 0.0000 0.2532
0.0002 0.6210 0.0001 0.6209
0.0000 0.4141 0.0000 0.4141
0.0000 0.0234 0.0000 0.0234
0.0000 0.2228 0.0000 0.2228
0.0002 0.5780 0.0001 0.5779
0.0000 0.3662 0.0000 0.3662
0.0000 0.0383 0.0000 0.0383
0.0000 0.3290 0.0000 0.3290
0.0002 0.6136 0.0001 0.6135
0.0000 0.3964 0.0000 0.3964
0.0000 0.0253 0.0000 0.0253
0.0001 0.4640 0.0000 0.4639
0.0002 0.4820 0.0001 0.4819
0.0000 0.0582 0.0000 0.0582
0.0000 0.2077 0.0000 0.2077
0.0003 0.5355 0.0001 0.5353
0.0000 0.2098 0.0000 0.2098
0.0000 0.0669 0.0000 0.0669
0.0060 0.3059 0.0018 0.3040
0.0107 0.4556 0.0049 0.4507
0.0000 0.3182 0.0000 0.3182
0.0000 0.1362 0.0000 0.1362
0.8825 0.4717 0.4163 0.0554
0.5505 0.3116 0.1715 0.1400
0.0000 0.2484 0.0000 0.2484
0.0628 0.0367 0.0023 0.0344
0.9905 0.4676 0.4632 0.0045
0.8835 0.3170 0.2801 0.0369
0.0657 0.2262 0.0149 0.2113
0.3949 0.1060 0.0419 0.0642
0.9918 0.4638 0.4600 0.0038
0.4289 0.1391 0.0597 0.0795
0.0922 0.1656 0.0153 0.1503
0.9905 0.4308 0.4267 0.0041
0.9904 0.3987 0.3949 0.0038
0.2852 0.1106 0.0315 0.0790
0.5592 0.1899 0.1062 0.0837
0.9906 0.4217 0.4178 0.0039
0.7224 0.1326 0.0958 0.0368
0.1442 0.0634 0.0091 0.0542
0.6365 0.2015 0.1283 0.0732
0.9903 0.4092 0.4053 0.0040
0.0143 0.0084 0.0001 0.0083
0.3593 0.0803 0.0288 0.0514
0.9654 0.4283 0.4135 0.0148
0.9514 0.3475 0.3307 0.0169
0.0000 0.0014 0.0000 0.0014
0.0623 0.1275 0.0079 0.1196
0.1686 0.4590 0.0774 0.3816
0.1254 0.1806 0.0226 0.1580
0.0068 0.0758 0.0005 0.0752
0.0002 0.5129 0.0001 0.5128
0.0002 0.7058 0.0001 0.7056
0.0002 0.6517 0.0001 0.6516
0.0002 0.5926 0.0001 0.5925
0.0000 0.2033 0.0000 0.2033
0.0002 0.5311 0.0001 0.5310
0.0227 0.3680 0.0083 0.3596
0.0000 0.3953 0.0000 0.3953
0.0000 0.3736 0.0000 0.3736
0.0005 0.0028 0.0000 0.0028
0.3597 0.1367 0.0492 0.0875
0.0000 0.1612 0.0000 0.1612
0.0000 0.0012 0.0000 0.0012
0.4110 0.0655 0.0269 0.0386
0.3883 0.1612 0.0626 0.0986
0.0000 0.0017 0.0000 0.0017
0.0006 0.0016 0.0000 0.0015
0.3513 0.0884 0.0311 0.0574
0.1138 0.1033 0.0118 0.0915
0.1903 0.0301 0.0057 0.0243
0.7193 0.1715 0.1234 0.0482
0.1854 0.2507 0.0465 0.2042
0.0136 0.0514 0.0007 0.0507
0.8646 0.2325 0.2010 0.0315
0.0853 0.1571 0.0134 0.1437
0.0054 0.3440 0.0018 0.3421
0.3463 0.0957 0.0331 0.0626
0.3783 0.1380 0.0522 0.0858
0.0001 0.3934 0.0000 0.3934
0.0815 0.2153 0.0175 0.1977
0.8048 0.3686 0.2966 0.0719
0.0815 0.2820 0.0230 0.2590
0.0000 0.2042 0.0000 0.2042
0.5626 0.2257 0.1270 0.0987
0.0631 0.2608 0.0165 0.2443
0.0000 0.3315 0.0000 0.3315
0.0000 0.0019 0.0000 0.0019
0.3881 0.2959 0.1148 0.1811
0.0000 0.3147 0.0000 0.3147
0.0000 0.0158 0.0000 0.0158
0.0000 0.0015 0.0000 0.0015
0.0000 0.2418 0.0000 0.2418
0.0000 0.3529 0.0000 0.3529
0.0000 0.0013 0.0000 0.0013
0.0000 0.0248 0.0000 0.0248
0.0000 0.4080 0.0000 0.4080
0.0000 0.0649 0.0000 0.0649
0.0000 0.0662 0.0000 0.0662
0.0001 0.5258 0.0001 0.5258
0.0000 0.3640 0.0000 0.3640
0.0001 0.5817 0.0001 0.5816
0.0000 0.2801 0.0000 0.2801
0.0002 0.7093 0.0001 0.7092
0.0000 0.3425 0.0000 0.3425
0.0001 0.5141 0.0001 0.5141
0.0000 0.4454 0.0000 0.4454
0.0001 0.5025 0.0001 0.5025
0.0001 0.5712 0.0001 0.5712
0.0002 0.6846 0.0001 0.6845
0.0001 0.6815 0.0001 0.6814
0.0001 0.5261 0.0000 0.5261
0.0002 0.6787 0.0001 0.6786
0.0001 0.5218 0.0001 0.5218
0.0001 0.5689 0.0001 0.5688
0.0001 0.6195 0.0001 0.6194
0.0001 0.5464 0.0001 0.5464
0.0002 0.5688 0.0001 0.5687
0.0000 0.3068 0.0000 0.3068
0.0002 0.5157 0.0001 0.5156
0.0000 0.0731 0.0000 0.0731
0.0002 0.5943 0.0001 0.5942
0.0001 0.4537 0.0000 0.4537
0.0000 0.1767 0.0000 0.1767
0.0000 0.0015 0.0000 0.0015
0.0000 0.2404 0.0000 0.2404
0.0000 0.0013 0.0000 0.0013
0.0000 0.3865 0.0000 0.3865
0.0002 0.4879 0.0001 0.4878
0.0000 0.0018 0.0000 0.0018
0.0000 0.3144 0.0000 0.3144
0.0000 0.0053 0.0000 0.0053
0.0000 0.1986 0.0000 0.1986
0.0000 0.0672 0.0000 0.0672
0.0003 0.4752 0.0001 0.4750
0.0001 0.5703 0.0001 0.5703
0.0000 0.3608 0.0000 0.3608
0.0002 0.6280 0.0001 0.6279
0.0003 0.7579 0.0002 0.7577
0.0000 0.3582 0.0000 0.3582
0.0000 0.4208 0.0000 0.4208
0.0000 0.0590 0.0000 0.0590
0.0000 0.0044 0.0000 0.0044
0.0001 0.4568 0.0000 0.4568
0.0000 0.4092 0.0000 0.4092
0.0000 0.0072 0.0000 0.0072
0.0000 0.2177 0.0000 0.2177
0.0000 0.0160 0.0000 0.0160
0.0001 0.4280 0.0000 0.4280
0.0000 0.0046 0.0000 0.0046
0.0001 0.4392 0.0000 0.4392
0.0001 0.5018 0.0001 0.5017
0.0000 0.4138 0.0000 0.4138
0.0000 0.3256 0.0000 0.3256
0.0000 0.1588 0.0000 0.1588
0.0000 0.0013 0.0000 0.0013
0.0000 0.0015 0.0000 0.0015
0.0000 0.0013 0.0000 0.0013
0.0000 0.0440 0.0000 0.0440
0.0000 0.0419 0.0000 0.0419
0.0000 0.3537 0.0000 0.3537
0.0001 0.4861 0.0000 0.4860
0.0000 0.3799 0.0000 0.3799
0.0000 0.1410 0.0000 0.1410
0.0000 0.1397 0.0000 0.1397
0.0000 0.1737 0.0000 0.1737
0.0000 0.2154 0.0000 0.2154
0.0000 0.0291 0.0000 0.0291
0.0000 0.0012 0.0000 0.0012
0.0000 0.0063 0.0000 0.0063
0.0000 0.2396 0.0000 0.2396
0.0000 0.0011 0.0000 0.0011
0.0000 0.0011 0.0000 0.0011
0.0000 0.0357 0.0000 0.0357
0.0000 0.0988 0.0000 0.0988
0.0000 0.0206 0.0000 0.0206
0.0000 0.0466 0.0000 0.0466
0.0000 0.3893 0.0000 0.3893
0.0000 0.0924 0.0000 0.0924
0.0000 0.4092 0.0000 0.4092
0.0000 0.4012 0.0000 0.4012
0.0002 0.6548 0.0001 0.6547
0.0001 0.5648 0.0001 0.5647
0.0000 0.4214 0.0000 0.4214
0.0000 0.1062 0.0000 0.1062
0.0000 0.2795 0.0000 0.2795
0.0000 0.0022 0.0000 0.0022
0.0000 0.1749 0.0000 0.1749
0.0000 0.0051 0.0000 0.0051
0.0000 0.2285 0.0000 0.2285
0.0001 0.6468 0.0001 0.6467
0.0000 0.3125 0.0000 0.3125
0.0000 0.3439 0.0000 0.3439
0.0000 0.0158 0.0000 0.0158
0.0000 0.4132 0.0000 0.4132
0.0001 0.5326 0.0001 0.5326
0.0000 0.1160 0.0000 0.1160
0.0000 0.4326 0.0000 0.4326
0.0000 0.2072 0.0000 0.2072
0.0001 0.4626 0.0000 0.4626
0.0000 0.2254 0.0000 0.2254
0.0000 0.0031 0.0000 0.0031
0.0000 0.1126 0.0000 0.1126
0.0000 0.4072 0.0000 0.4072
0.0000 0.2009 0.0000 0.2009
0.0000 0.0017 0.0000 0.0017
0.0000 0.0188 0.0000 0.0188
0.0000 0.0554 0.0000 0.0554
0.0000 0.0090 0.0000 0.0090
0.0000 0.2329 0.0000 0.2329
0.0000 0.2732 0.0000 0.2732
0.0000 0.4296 0.0000 0.4296
0.0000 0.1473 0.0000 0.1473
0.0000 0.2579 0.0000 0.2579
0.0000 0.0714 0.0000 0.0714
0.0000 0.1498 0.0000 0.1498
0.0000 0.3591 0.0000 0.3591
0.0000 0.2719 0.0000 0.2719
0.0000 0.2842 0.0000 0.2842
0.0000 0.0011 0.0000 0.0011
0.0000 0.1972 0.0000 0.1972
0.0000 0.3411 0.0000 0.3411
0.0000 0.0016 0.0000 0.0016
0.0000 0.0010 0.0000 0.0010
0.0000 0.1645 0.0000 0.1645
0.0000 0.1035 0.0000 0.1035
0.0000 0.0289 0.0000 0.0289
0.0000 0.2331 0.0000 0.2331
0.0002 0.7009 0.0001 0.7008
0.0002 0.7406 0.0002 0.7404
0.0000 0.0404 0.0000 0.0404
0.0001 0.5134 0.0001 0.5134
0.0001 0.4691 0.0000 0.4691
0.0002 0.6788 0.0001 0.6786
0.0000 0.3479 0.0000 0.3479
0.0000 0.0015 0.0000 0.0015
0.0000 0.3136 0.0000 0.3136
0.0001 0.4614 0.0001 0.4613
0.0000 0.0030 0.0000 0.0030
0.0000 0.0011 0.0000 0.0011
0.0001 0.4560 0.0000 0.4560
0.0000 0.3663 0.0000 0.3663
0.0000 0.0035 0.0000 0.0035
0.0000 0.2706 0.0000 0.2706
0.0000 0.0024 0.0000 0.0024
0.0000 0.2128 0.0000 0.2127
0.0002 0.6373 0.0001 0.6372
0.0002 0.2161 0.0000 0.2160
0.0000 0.0028 0.0000 0.0028
0.0001 0.4466 0.0001 0.4465
0.0002 0.7239 0.0001 0.7238
0.0004 0.1922 0.0001 0.1921
0.0003 0.7423 0.0002 0.7421
0.0002 0.6158 0.0001 0.6157
0.0000 0.3066 0.0000 0.3066
0.0000 0.1157 0.0000 0.1157
0.0002 0.6201 0.0001 0.6200
0.0000 0.1751 0.0000 0.1751
0.0001 0.5183 0.0001 0.5182
0.0000 0.0380 0.0000 0.0380
0.0000 0.2399 0.0000 0.2399
0.0001 0.5344 0.0001 0.5344
0.0001 0.5510 0.0001 0.5509
0.0000 0.2662 0.0000 0.2662
0.0002 0.4867 0.0001 0.4866
0.0001 0.4978 0.0001 0.4977
0.0000 0.0648 0.0000 0.0648
0.0000 0.3688 0.0000 0.3688
0.0000 0.2266 0.0000 0.2266
0.0000 0.1221 0.0000 0.1221
0.0000 0.0711 0.0000 0.0711
0.0000 0.1953 0.0000 0.1953
0.0000 0.0298 0.0000 0.0298
0.0000 0.0914 0.0000 0.0914
0.0000 0.0010 0.0000 0.0010
0.0000 0.0017 0.0000 0.0017
0.0000 0.0010 0.0000 0.0010
0.0000 0.0011 0.0000 0.0011
0.0000 0.0392 0.0000 0.0392
0.0000 0.0039 0.0000 0.0039
0.0000 0.0590 0.0000 0.0590
0.0000 0.0046 0.0000 0.0046
0.0000 0.3847 0.0000 0.3847
0.0001 0.5130 0.0001 0.5130
0.0000 0.0426 0.0000 0.0426
0.0000 0.2174 0.0000 0.2174
0.0000 0.0013 0.0000 0.0013
0.0000 0.0021 0.0000 0.0021
0.0000 0.0014 0.0000 0.0014
0.0000 0.0016 0.0000 0.0016
0.0000 0.1169 0.0000 0.1169
0.0000 0.1711 0.0000 0.1711
0.0000 0.0178 0.0000 0.0178
0.0000 0.1366 0.0000 0.1366
0.0000 0.4150 0.0000 0.4150
0.0000 0.4563 0.0000 0.4563
0.0000 0.1236 0.0000 0.1236
0.0000 0.3635 0.0000 0.3635
0.0001 0.4644 0.0000 0.4644
0.0001 0.6141 0.0001 0.6140
0.0000 0.1628 0.0000 0.1628
0.0000 0.1938 0.0000 0.1938
0.0000 0.4270 0.0000 0.4270
0.0000 0.3192 0.0000 0.3192
0.0000 0.0022 0.0000 0.0022
0.0000 0.2503 0.0000 0.2503
0.0001 0.4724 0.0000 0.4724
0.0000 0.0405 0.0000 0.0405
0.0000 0.0117 0.0000 0.0117
0.0000 0.3950 0.0000 0.3950
0.0001 0.4975 0.0001 0.4975
0.0000 0.0784 0.0000 0.0784
0.0000 0.1969 0.0000 0.1969
0.0002 0.6102 0.0001 0.6101
0.0001 0.6149 0.0001 0.6148
0.0001 0.5881 0.0001 0.5880
0.0001 0.4858 0.0001 0.4858
0.0000 0.0693 0.0000 0.0693
0.0000 0.0034 0.0000 0.0034
0.0000 0.0264 0.0000 0.0264
0.0000 0.0019 0.0000 0.0019
0.0000 0.0185 0.0000 0.0185
0.0000 0.0056 0.0000 0.0056
0.0000 0.1382 0.0000 0.1382
0.0000 0.4042 0.0000 0.4042
0.0000 0.3325 0.0000 0.3325
0.0000 0.2748 0.0000 0.2748
0.0002 0.4985 0.0001 0.4984
0.0000 0.1760 0.0000 0.1760
0.0000 0.0026 0.0000 0.0026
0.0000 0.3539 0.0000 0.3539
0.0001 0.4969 0.0001 0.4968
0.0000 0.0112 0.0000 0.0112
0.0000 0.4295 0.0000 0.4295
0.0000 0.2010 0.0000 0.2010
0.0000 0.0017 0.0000 0.0017
0.0000 0.0016 0.0000 0.0016
0.0000 0.0022 0.0000 0.0022
0.0000 0.0026 0.0000 0.0026
0.0000 0.3686 0.0000 0.3686
0.0001 0.6735 0.0001 0.6734
0.0000 0.1363 0.0000 0.1363
0.0000 0.3969 0.0000 0.3969
0.0000 0.1593 0.0000 0.1593
0.0000 0.3248 0.0000 0.3248
0.0000 0.2426 0.0000 0.2426
0.0001 0.4561 0.0000 0.4560
0.0000 0.1076 0.0000 0.1076
0.0000 0.4420 0.0000 0.4420
0.0000 0.1470 0.0000 0.1470
0.0002 0.6406 0.0001 0.6405
0.0001 0.4982 0.0001 0.4981
0.0000 0.0075 0.0000 0.0075
0.0000 0.2245 0.0000 0.2245
0.0002 0.6989 0.0001 0.6988
0.0002 0.5517 0.0001 0.5516
0.0000 0.3826 0.0000 0.3826
0.0003 0.7550 0.0002 0.7548
0.0002 0.7341 0.0002 0.7339
0.0000 0.2304 0.0000 0.2304
0.0000 0.2707 0.0000 0.2707
0.0000 0.0214 0.0000 0.0214
0.0000 0.2232 0.0000 0.2232
0.0002 0.4620 0.0001 0.4620
0.0000 0.0905 0.0000 0.0905
0.0000 0.0837 0.0000 0.0837
0.0001 0.4849 0.0001 0.4848
0.0001 0.4727 0.0001 0.4727
0.0000 0.2857 0.0000 0.2857
0.0001 0.4458 0.0000 0.4458
0.0001 0.6099 0.0001 0.6098
0.0001 0.5253 0.0001 0.5252
0.0001 0.5627 0.0001 0.5627
0.0001 0.6181 0.0001 0.6180
0.0001 0.4969 0.0001 0.4969
0.0001 0.5745 0.0001 0.5744
0.0001 0.5627 0.0001 0.5627
0.0001 0.5658 0.0001 0.5657
0.0001 0.5400 0.0001 0.5399
0.0001 0.5023 0.0000 0.5023
0.0001 0.5683 0.0001 0.5682
0.0001 0.5391 0.0001 0.5391
0.0000 0.4148 0.0000 0.4148
0.0002 0.4688 0.0001 0.4687
0.0002 0.4678 0.0001 0.4677
0.0002 0.6305 0.0001 0.6304
